$ANSIBLE_VAULT;1.1;AES256
31363363353134373732336138303933303865643133623237356262393431623163623734323733
3264653463656265383765303765626639323265663435320a323838653533613063346238653561
30316462363739346361366162616164663938306135393133653263356332343035373564346663
3363336433306362320a306639666632613862393361376363613463323339636136373239613432
39346261646636626135386630303164306362613233333437383566386162326437346430323939
62313531646264323437303864666438363564323833336465636131646430343635353065633037
36336662666139653661336433306435386161386134376263653561343031633937323963323764
39383233373530343834663733316663303735303964383730663634333365323138643730393135
35383166373032363639383435303166343534383961373661323663353765333834653732313232
34666439346536656163353361653637313362336464356630303263343064646664346638643030
38343535613933636564383834333237356132373836376233386663373731396261653664663664
62323965646235393465386439643330313234636539623466373631363664373633313966376533
39663632643362326631303235623562376238386363366136363139393565346537343036323439
36353539613865626631396233656334616338373163653539343164363635373936613539663535
36613963343163626464363339616438666432366339663534306466333065643232353331313038
37613536643734373732326666353866353435393963366137663833343962626265363664353361
33613761396332616238363133336437316466613064306534373933656664356466366435663939
62373266373562633232323934343839343433646330633865363061366338363235656535326333
30323466343732653266303762386263373661613364323038363730376366393535613663393732
66646663623731323564616366353533633635633664363332386161353839343862323265373736
38376130626236356634666136306330613434363732346535363263373765643962646336363564
32313762313535333239636265396132353038316330396132363266353364653764663534316264
61373539353433326135666431343765333463623339616361313234343530626562313266386535
35353532303961386132636535343338333266396164343131333364326138633065626531333036
64343363643037616435396363623837626633626235643135663934326462646435613763383134
38323231653462333966613263386331356131626263373138386565356639643234396265373333
61636634303336393337646439666539623030663031396339353562326438376664643531626664
62353764386334393337663733663532616465613937316662353163306236633764316230363964
33656461613134643235306165396365336630383236633438613639336633366535653339313562
63396466333262633339326335313632356535366234633336356336396636613864383766356634
30333336623430633130663436333035656362376530373063303038393733303562336437383239
30336538343530383137313632653039323831373463656339636336626135366237356564636461
38373038316633393032653236613338626166373463393534373963336365386637663062356462
38376536326634333534356633663362646631323938623861643635653665346234366362356133
31343533306638383430353333353163346161383261343139663635613539333038326136656333
61323234373261643439316162623437386534393066616338343937373166663532643932396531
65616230373236643336363632663839616266313632373262303831623664633933646234663666
37333130316131353563373837346362353433373632396365623039373738306561663230636532
39353862303930666562326663376638393361393239363435613133613330663862613637323639
32373137646161633036626266666366353866353865306437373562666464663838303065666663
63306132353832353135623333393366373962616365656566353730383461386461613736633261
35613437386237343732393132386333323064643062636435363830633839373966326564363930
37353237323630383537623936623334363635353163626365383737393038643161393831363731
34353733356133316139336438346565313261396338373438363063376537306265616632343465
32666633346531636239396537643231373332636232383365383337643238373438633262636530
33613137663564656362663030323062653164386566333062663834373635666361663538386436
36303436326563623262656462653537306132353165373232313231316466303661336631353130
61333464306564653564383566316638303634393564376231383166666134323131613965656531
64313833613539323331323834636163373732313730363835623462393934323134373138363538
65613761383765653031613465313639633137323531656637646365616461346239346566313163
38303234363435323165343466333730653333623731323465393861336136306231663465646438
31396337303635353834363566353062633230386364663838383563353533313139656564356231
33316234653930396231613265373939373464383131623363333435353239373637623737646231
61383664313635646131643564633164323365396334616362633337333638353061656164383630
63633665646337663761633762633635366366396239613466626431386230353063333331396138
37626263366461653838386632626232643565656666356562623165666137386466623133303531
37386533646462326537303633663361363661373866383965393964363533393531653137666534
36653264306333343432306330666265633661323932653739336439313464303130623863636630
31616534656139366537666561373766343365303637356466323037643066613339346433336235
65373665626562373961616264333433333037336235343636343631636166653464373938613339
39386464356433656632663033306531326331653561643137363165396538333366353232643233
35343333376563643562323963653931376433643934333037613234663863623565336134356165
66633535383038353733326131613236336261373036376533363233653832313038646563663937
33636132643238646664663234373137663938326537313431343362633435333864623561323234
61333032623331313839326130616133343163363465343535663030383635393365393339663934
33343264393136633365643036393436343836633130346234356461643761343665306263626337
34323337346633636636373435313830663739333135396366323031383638616134346337666137
37646334643930643830366238623936613436613532323835306430353939303534386333346430
38616663613832306438363834623535373261646530373332663465373165633761376232343766
35303464376461643563663066633930306232663761393066663665323634303334666138393832
34616164343830376264363035356336396265323966366463623931326137363332383033343961
63656538643033636566656638663636343039666130366638656261376137306562316630613339
31313164386338323136353432323963313463396165613932353963663137383063633864306135
64353162316664623838306664303931346637303838626532653939646665613064333631323533
37363936653538653432346137613265663262383437393837373763393339633938383538663835
37613261613461386530666166626335383330613464346434633936656161313437386338343664
63643661626639303730336362626234343236623136333464356566366331656261313636333662
35643933363339303131623536663936626562666636313837663864313532663935663337303665
66653135666337653638333432386462616537336334613836326633666561626163386535663831
63316166333762616237333765326461396330306531373732333665616462313665323934333064
63343661636130346437376431356438386566396664376232383536373064636161333165306433
62323335326338623763333734383962393064616536363838306564366435366565383833353165
34323830666632386534383361313431616337356534623362656161303432383132363439643331
30623137356131383235396636303936363530303063373238666538333536616130376439313336
37663066643562316433616138343233633164393365663635353737633734663938383066393532
32633737356263643731316638636564633763326638343666336131353834393739303436386532
64656637653762666532376632396539383164303832363237363962623963663038323637663165
64386430383061326466643430643734316135393266373530373637323865363466393137643234
34613235353561373534623165353938386262353032386639363536636435613130343131613833
39663536373364643365643164623363626637653932383134626534313065626534326561393639
39663634636337663661343037623035306432343166343239653837303431386562343363383765
61353837623730376335303939643830353362363364326330313734366638323537323530626432
36303838643836343233656231666537346461383663346137343565616639653037633031313133
31356336303339356161663634643136313736303864303433393433623635336533613133363365
64343039393063353338313362383964353533613837653766353532666139396562373061313765
33353261353363343532646366326235613933363536666236316332623230303263666136613533
36343737313362613465616135643361623732313932393765366333383465303238653130646636
61356662323361646664353536633763336163376265386338313139396534653165333037333636
34646365323133323238343737646634626335343839653432666337313530396631666630343232
64633134616130636163316138393063313939303465373032373564633139646333343066333464
62643833336337623935333535613963363139323537646330343766316432376164616239313533
64306663323463353336616333363632623739646531653534333963346265343233376236326561
34363235306233393830383235333332623338346539656239363834626333323062663434383234
62643161356532616264303737646635373530363130643530313961356532653364613132333863
38623831636665346564626330383265303339366432393865616431633637613964376138643366
62346436666634643163343061326535343433396662346432383761386530646635646330373164
33303663666365376638623739313264613436383165393538373735353036623664386231356132
32663637343033343038626334633236306665643839313736346332666639336665626538376564
38623763356564643938333135363262316362313366393166366634376461623265616231633737
36346532376335663536396565646661336466613437623731373239373434303639386666643064
35303735383630643966306436666332663239383864323333353039663135303063323262633138
61303931613239323931326335633765376438383331666530653632336538376537343764303562
65323566363438663663366638613433336631346130653233373730393136316230653831383837
64663337303232623361316333313764343839353931306430623565666136623031333161636631
33663864393335396339393162303337626164646662306434663536323363363263393537666663
32323333646434623533313433636535666330386566343131613332613335643333363336643930
33623039636166646637363335346465633738613837653030343464363938633134323364656164
61373236626534656463373137653665613735643139333937326665653566633838656631396130
31393566316632336334646630646639393631366266616465303762383462346161303066363035
33613930643062396466353034336233326438613461333463633034316531663438336330323961
38363563666130336537323263353137353262666264616333303532646566376236373131626633
36366538613633386666306133663238323162646166303233656232323865333563376166396532
63316339323335393533386636626238613337653462633063396666643263316263353634366536
39326365653162346637333963326639656538626361613632653031393839363561303530306332
62366264353138306230663534316530326564646237373037346163613338313061656562356533
34393338626363613963356462623966353038396236656264303237313638363331393132643631
32643836643261333739623230303539353235316561326131353133346638393864363338333230
33626638373265376639373837616131646233643236313439636662643837653237613136616266
30353530303131393761396364646661323339363163656439363464666361303833363436386138
30396631663264323863353637393238303834383434303538633832643562653666663866313033
64353634346334663035366439353635376230323465643230363761666461383937663765343731
64313964356366616337383432326432323138373335623362346338643434323132393338663437
62343963613433313236663166643735373035373233316630383030633164363666653032666630
34613164373639656138643066626162323638643832343663326362346237383762363338656330
31313263666638636633393134333263313632356338303666316664333665393664613638613438
37333036343137623566633961313366363634616537333162383362656331323535373064333831
30343866326435346630353131343362346665363762356634323632623333323233653865303261
31633839326434323234373535316133376462393762343133653536386530326461663166303333
37666237663638393932336634356538643461653833643934636439623464643734323132373266
31353164366234343438333231376336653831653535346531623365353737373936343539343530
34613338643434393131346437336337343363623265633431356136653865326465643632366362
36333062663235316538336630323434373633336630333134663861303264376630373531636235
30613737306462353837613762393866333364616136663361376666633763306464356266383166
37646362363162356338663965656363393930306663363135313939626335303165326339626234
33666166313431353137373435396539613431333839653934306364313661366633333465613765
39316137326165336231653736623366366231303862656366363561353162383232383436396633
33613766363337363237613733343766623930353063326230373738303432376433333838646165
36346232366133643839323439393331393732343437356662613935353662646665633830393462
31383564656162353134393563356537373333666462666431636533633433326639333739356166
31323666656639656366613666616664303038313931353034653236386432316366346164666532
33313939336664646331303334373435336139386437323333663661646633663466613231396135
34343863656330346437623463623066383663383637353561343435393962363264346262666336
34346461363037303963653839306137666436313564646139363739663765316464623565343166
37663066306561643532396661646331326133396337383538383566313633353430653964363135
33383461656363386335386434666239633433386139663166663765633066356633383163323932
65663132323861626330313230363237626336666564363062323231353565616134653235393436
61613030353638643333643963393738313663393330636166383138326334613965356162616439
33613264333964393035396638613938336163356636653533633432363561663335363830386130
65633231623265313863353236393461646466343766373863336534303233336430316539646136
64656134313538346133643766313233333063386236633865326664323435306330633437663039
61353139343638396630633463366661386636333065353866663164653537343633383639656466
33383335393136646434376233343066663064636666303338373565336462656463393537333135
37376162653065353338643838373136633061366262373063626261623138323166353534383761
34376536323936383633653831323339376334386135343930626633343932663836636231303265
35306330336131366135646262343665313633643963616237313832393337313835323531616133
65386663336661653562613066323135663162373037623866356236306262663339366566373634
64316461646330356461326466663232636434613239336230363331373833326366663830346431
36623836663665663230353633316139663534656161336465643561626437386666616332373966
64313033396435626662316365653335313930656330366366376236356535663662346632316462
31613535383130336265613337616166333033303236616532613838373731653363653036363964
64363834666638383366623438643035303230323463386238313738653065613364613064646130
31313038643337653135653961346136343930623263616261616638616161303234396265366439
66653639376565333866336264336135383264383838363765323664666631666631343565633631
3434343030393461616631623362663930363430383966656165
