$ANSIBLE_VAULT;1.1;AES256
66316237373437363663383834386563353866663063363737326235333238363565363263303866
3439393639313865316364316561313738616537656464320a633430303166386539643966623165
63383234653363613833393262343735623266346633626462333735663237313530656638326363
3365373239383537640a326336636266346633323538653438333839343163306365646331343336
31373565363537623438336663656630333831626561363336343333323961306462343030626139
65346566613730396334363365653131663135666363633562653961303864613138613061376265
62343137306561353165623563663934636637656638393938333633646432393264623135353564
65353339323539383761626264343038636334373231613934633135353731393532643036356566
33613162623032343538366232373938646137623964396539616632383835663430643339323939
61646531323838326363356636333133326635393037636364333063346530333138393937623239
65306265333535623363643464383062643233306636303563323934623030386237376365636363
30376561366439616462363833626562363438353638313033343365343534373864396239313833
36363633623033393164656365346338636138626266663531323532313734633934633534643239
37313633323466393862363362623732326665373734323261313838666365383835653961383761
30366331663531333666623563386336373461643963393565643062333038303838626563323233
63386333633763613532303633333738643336343138363638656538376261346466346435343333
64333965663332636135653437313964376638373461323462376637363732656464313362313738
35663763333236376263336533303636613434323465313563396634636634613664643731636661
36393038336562323335623366343436313238663038373834383632303835323934313237383431
61656463303765323262303438653734383966313933363136396133383165376136653331616162
30666134623935616634643134383234343033626533326131383264663132306566336266343039
61643137313662396337646665643966343831393330363462646161633231313162346234663233
32303363383964316436313864336438316130396165316430366366396432643866333865626234
65373034636230326534636631656161303466313364323433306539636562336636383562393561
62383761613633323938313632323434663337346335396266323433623733626563633335373931
32303462353730653865373366373365353731346532366361366435356562653132353161313739
34363964663065316633616563316635616464316364303836633438313134353430376463306362
36643633643831646466633562313864666430323134323336383435313134313139666663373966
66386431313832396635303831373631663466396265356633646564383165633561313461366364
66653933393937616663363439386261393734393236383934353333356135663533613336303636
66336362313936376436346435613838626161633035623566356334386164333464646366623236
34363861326437393364393830646537663165613339316535323131666334643637636136623035
32393235313933336461396635653038663931343236633364396436653261303166373765636137
30356337336537633437613339343536363862306666346361626435303365633536356238656234
35646537663662376136376164633665393130363334633338363561373238306236623065623162
34383034353035333231663539386532366333316534346564333861356432396463653362386565
65383735613764623161383762363835343563633065366236616435373436633064306539363865
31666133333633366633363036653439653961383063646131646135623337613533316633613035
61366631636664323339333335356537313036333164663138623266373761366564643033343962
65663136656561383430363134613833376364346465303763363362653836363766313661636335
35663965366162663237373662363434393065303062386564343631626665653765376432353330
6633386134353931383233646563653338356531386439626438
